labels 1 -1
1 0.95409 0.0459103
-1 0.305785 0.694215
-1 0.18825 0.81175
1 0.933725 0.0662746
-1 0.170994 0.829006
1 0.535404 0.464596
1 0.695018 0.304982
1 0.939091 0.0609086
1 0.948575 0.0514252
1 0.947986 0.0520138
1 0.642196 0.357804
1 0.877379 0.122621
-1 0.145182 0.854818
-1 0.229906 0.770094
-1 0.211986 0.788014
-1 0.133982 0.866018
1 0.964531 0.0354686
1 0.857642 0.142358
-1 0.159812 0.840188
-1 0.138379 0.861621
1 0.981954 0.0180464
-1 0.111596 0.888404
-1 0.194328 0.805672
-1 0.160787 0.839213
-1 0.0442101 0.95579
-1 0.030148 0.969852
-1 0.308523 0.691477
-1 0.0472546 0.952745
1 0.74829 0.25171
-1 0.0569997 0.943
1 0.782625 0.217375
1 0.767326 0.232674
-1 0.0163437 0.983656
1 0.969054 0.0309461
1 0.915456 0.0845442
1 0.877271 0.122729
1 0.937675 0.0623246
-1 0.0925924 0.907408
-1 0.087395 0.912605
-1 0.224611 0.775389
-1 0.442036 0.557964
-1 0.0551582 0.944842
-1 0.140262 0.859738
-1 0.0440384 0.955962
-1 0.390043 0.609957
-1 0.0833887 0.916611
1 0.721547 0.278453
-1 0.358673 0.641327
1 0.931653 0.0683468
1 0.955628 0.0443718
1 0.772176 0.227824
-1 0.013411 0.986589
-1 0.0642665 0.935734
-1 0.060381 0.939619
-1 0.0322008 0.967799
-1 0.0147836 0.985216
1 0.887447 0.112553
-1 0.0178233 0.982177
-1 0.319166 0.680834
1 0.736696 0.263304
-1 0.290231 0.709769
1 0.511877 0.488123
-1 0.0676997 0.9323
-1 0.00773844 0.992262
-1 0.197821 0.802179
1 0.958579 0.0414206
-1 0.449286 0.550714
-1 0.0548779 0.945122
-1 0.077795 0.922205
-1 0.0716587 0.928341
1 0.91623 0.0837703
-1 0.105424 0.894576
-1 0.169774 0.830226
-1 0.143411 0.856589
-1 0.233238 0.766762
1 0.987933 0.012067
1 0.584642 0.415358
-1 0.0110125 0.988987
-1 0.0284154 0.971585
-1 0.0374192 0.962581
1 0.896431 0.103569
1 0.762056 0.237944
1 0.901352 0.0986483
-1 0.237328 0.762672
1 0.739693 0.260307
-1 0.170266 0.829734
-1 0.0466148 0.953385
1 0.617646 0.382354
-1 0.0095636 0.990436
1 0.860868 0.139132
-1 0.107381 0.892619
-1 0.108159 0.891841
1 0.962591 0.0374088
1 0.820921 0.179079
1 0.797086 0.202914
1 0.803645 0.196355
-1 0.479203 0.520797
1 0.599631 0.400369
-1 0.160344 0.839656
-1 0.0108422 0.989158
-1 0.0252813 0.974719
1 0.513007 0.486993
-1 0.0502737 0.949726
1 0.969276 0.0307235
1 0.906578 0.0934216
1 0.718964 0.281036
-1 0.23773 0.76227
1 0.870332 0.129668
1 0.832643 0.167357
-1 0.0174935 0.982507
1 0.532006 0.467994
-1 0.0321011 0.967899
-1 0.155906 0.844094
-1 0.00991251 0.990087
-1 0.0343457 0.965654
-1 0.0199399 0.98006
1 0.638228 0.361772
1 0.958398 0.0416018
-1 0.045742 0.954258
1 0.894571 0.105429
1 0.895943 0.104057
1 0.933061 0.0669389
1 0.956702 0.0432981
-1 0.100531 0.899469
1 0.583488 0.416512
-1 0.0775552 0.922445
1 0.96998 0.03002
-1 0.0803543 0.919646
-1 0.104638 0.895362
1 0.780897 0.219103
-1 0.475054 0.524946
1 0.725517 0.274483
-1 0.153004 0.846996
1 0.931293 0.0687067
1 0.53669 0.46331
-1 0.269152 0.730848
-1 0.0787593 0.921241
1 0.625706 0.374294
-1 0.00601559 0.993984
1 0.652673 0.347327
1 0.957105 0.0428955
-1 0.305967 0.694033
1 0.627824 0.372176
-1 0.226134 0.773866
1 0.577092 0.422908
1 0.968929 0.0310713
-1 0.27706 0.72294
1 0.879137 0.120863
1 0.82962 0.17038
-1 0.0628148 0.937185
-1 0.0540109 0.945989
-1 0.0410791 0.958921
-1 0.0368393 0.963161
-1 0.484596 0.515404
-1 0.0566789 0.943321
-1 0.00701193 0.992988
1 0.937956 0.0620442
-1 0.0712707 0.928729
-1 0.23344 0.76656
1 0.774437 0.225563
-1 0.189258 0.810742
-1 0.262123 0.737877
-1 0.0494814 0.950519
1 0.981912 0.0180881
-1 0.36875 0.63125
-1 0.227926 0.772074
-1 0.0794701 0.92053
-1 0.20706 0.79294
-1 0.308056 0.691944
-1 0.0743305 0.925669
-1 0.135007 0.864993
1 0.966082 0.0339176
1 0.908153 0.0918467
-1 0.145198 0.854802
-1 0.024136 0.975864
-1 0.494673 0.505327
1 0.986777 0.0132227
-1 0.230206 0.769794
1 0.758151 0.241849
-1 0.08578 0.91422
-1 0.200799 0.799201
1 0.920134 0.0798663
1 0.537572 0.462428
-1 0.14989 0.85011
-1 0.424687 0.575313
-1 0.183527 0.816473
1 0.954652 0.0453479
1 0.752947 0.247053
-1 0.227511 0.772489
1 0.924173 0.0758275
-1 0.219443 0.780557
1 0.933274 0.0667263
-1 0.133514 0.866486
1 0.743781 0.256219
-1 0.123643 0.876357
-1 0.0477641 0.952236
-1 0.182008 0.817992
-1 0.0383324 0.961668
-1 0.0468872 0.953113
1 0.930738 0.0692618
1 0.534084 0.465916
1 0.888419 0.111581
1 0.955745 0.0442554
1 0.675553 0.324447
1 0.963679 0.036321
-1 0.0638847 0.936115
-1 0.0439389 0.956061
1 0.718152 0.281848
1 0.713921 0.286079
-1 0.186541 0.813459
-1 0.362307 0.637693
-1 0.119042 0.880958
-1 0.0323858 0.967614
1 0.991038 0.00896169
-1 0.0423585 0.957641
-1 0.0197246 0.980275
-1 0.0554306 0.944569
1 0.552972 0.447028
1 0.594241 0.405759
-1 0.0321452 0.967855
1 0.903502 0.0964978
1 0.93486 0.0651401
-1 0.119815 0.880185
1 0.96442 0.0355795
-1 0.0410827 0.958917
-1 0.210418 0.789582
-1 0.47819 0.52181
-1 0.469525 0.530475
-1 0.00636464 0.993635
-1 0.115797 0.884203
1 0.737361 0.262639
1 0.580714 0.419286
-1 0.205185 0.794815
1 0.798332 0.201668
1 0.916827 0.0831729
1 0.976474 0.0235256
-1 0.113235 0.886765
1 0.894377 0.105623
-1 0.180659 0.819341
-1 0.0367155 0.963284
1 0.768458 0.231542
-1 0.136511 0.863489
-1 0.192442 0.807558
1 0.728727 0.271273
-1 0.149249 0.850751
1 0.856447 0.143553
1 0.85763 0.14237
-1 0.0499062 0.950094
-1 0.361879 0.638121
1 0.983957 0.0160428
1 0.836703 0.163297
-1 0.0597308 0.940269
-1 0.426864 0.573136
-1 0.102999 0.897001
-1 0.0596612 0.940339
-1 0.104744 0.895256
-1 0.215341 0.784659
1 0.916175 0.083825
-1 0.126215 0.873785
-1 0.200016 0.799984
-1 0.0223448 0.977655
1 0.981547 0.0184534
-1 0.149785 0.850215
-1 0.0407757 0.959224
-1 0.278254 0.721746
-1 0.210249 0.789751
-1 0.114957 0.885043
-1 0.0557144 0.944286
1 0.595257 0.404743
1 0.983115 0.0168851
